                precision    recall  f1-score   support

           0       0.66      0.41      0.51       500
           1       0.48      0.66      0.56       499
           2       0.62      0.55      0.58       500
           3       0.64      0.64      0.64       500
           4       0.71      0.70      0.71       500
           5       0.39      0.62      0.48       500
           6       0.67      0.54      0.59       500
           7       0.63      0.48      0.54       500

    accuracy                           0.57      3999
   macro avg       0.60      0.57      0.58      3999
weighted avg       0.60      0.57      0.58      3999
