              precision    recall  f1-score   support

           0       0.70      0.42      0.53       433
           1       0.43      0.80      0.56       290
           2       0.63      0.54      0.58       328
           3       0.72      0.66      0.69       382
           4       0.82      0.73      0.77       315
           5       0.38      0.61      0.47       213
           6       0.63      0.60      0.61       454
           7       0.62      0.42      0.50       195

    accuracy                           0.60      2610
   macro avg       0.62      0.60      0.59      2610
weighted avg       0.63      0.60      0.60      2610
