              precision    recall  f1-score   support

           0       0.62      0.57      0.59       433
           1       0.61      0.60      0.60       290
           2       0.70      0.52      0.59       328
           3       0.75      0.61      0.67       382
           4       0.79      0.83      0.81       315
           5       0.36      0.71      0.48       213
           6       0.66      0.60      0.63       454
           7       0.53      0.57      0.55       195

    accuracy                           0.62      2610
   macro avg       0.63      0.63      0.62      2610
weighted avg       0.65      0.62      0.63      2610
