              precision    recall  f1-score   support

           0       0.72      0.52      0.60       433
           1       0.60      0.71      0.65       328
           2       0.72      0.73      0.72       382
           3       0.89      0.85      0.87       315
           4       0.46      0.78      0.58       213
           5       0.70      0.65      0.67       454
           6       0.67      0.50      0.57       195

    accuracy                           0.67      2320
   macro avg       0.68      0.68      0.67      2320
weighted avg       0.69      0.67      0.67      2320
